STDIF 171 12    2874
STDIF 171 07    1591
STDIF 171 04    1492
STDIF 252 04      41
STDIF 252 07      19
STDIF 252 12      12
STDIF 170 07       7
STDIF 170 12       3
STDIF 170 04       1

ST 171 12    132539
ST 170 12     90759
ST 252 12     38785
ST 171 07     33710
ST 171 04     24233
ST 170 04      5575
ST 252 07      4688
ST 252 04      4591
ST 170 07       814
ST 272 12       140
ST 232 12        70
ST 292 07        39
ST 292 12        26
ST 232 04        21
ST 232 07        10
ST 292 04         5
ST 272 07         4

ANT 171 12    167956
ANT 171 07    142094
ANT 171 04     55181
ANT 170 12     54384
ANT 170 04      9420
ANT 252 12      5513
ANT 292 07      1864
ANT 170 07       767
ANT 292 04       608
ANT 252 04       549
ANT 252 07       375
ANT 272 12       356
ANT 292 12        95
ANT 272 07         1